Preamp: -18.5 dB
# GraphicEQ: 708.6 9.6; 851.068 0.343949; 1069.39 -7.32302; 1327.89 0.899785; 1650.3 3; 1865.65 0.0667774; 2033.8 5.72; 2196.05 0.0667774; 2358.61 0.0667774; 2727.29 5; 2807.6 12.89; 2995.45 8; 3305 0; 3678.23 6.03936; 3778.46 0; 5479.7 -0.112274; 6028.06 10.0158; 6148.17 7.54792; 6281.3 10.8695; 6515.8 6.2; 7358.6 6.25488; 7509 0.0667774
GraphicEQ: 403.2 18; 851.068 0.343949; 1069.39 -7.32302; 1327.89 0.899785; 1650.3 3; 1865.65 0.0667774; 2033.8 5.72; 2196.05 0.0667774; 2358.61 0.0667774; 2727.29 5; 2807.6 12.89; 2995.45 8; 3305 0; 3678.23 7.03936; 3778.46 1; 5479.7 2.88773; 6028.06 13.0158; 6148.17 10.5479; 6281.3 13.8695; 6515.8 9.2; 7358.6 9.25488; 7509 3.06678