Preamp: -11.2 dB
# GraphicEQ: 708.6 9.6; 851.068 0.343949; 1069.39 -7.32302; 1327.89 0.899785; 1650.3 3; 1865.65 0.0667774; 2033.8 5.72; 2196.05 0.0667774; 2358.61 0.0667774; 2727.29 5; 2807.6 12.89; 2995.45 8; 3305 0; 3678.23 6.03936; 3778.46 0; 5479.7 -0.112274; 6028.06 10.0158; 6148.17 7.54792; 6281.3 10.8695; 6515.8 6.2; 7358.6 6.25488; 7509 0.0667774
GraphicEQ: 510.5 9.3; 851.068 -2.65605; 1069.39 -10.323; 1327.89 -2.10022; 1650.3 0; 1865.65 -2.93322; 2033.8 2.72; 2196.05 -2.93322; 2358.61 -2.93322; 2727.29 2; 2807.6 9.89; 2995.45 5; 3305 -3; 3678.23 4.03936; 3778.46 -2; 5479.7 -0.11227; 6028.06 9.0158; 6148.17 6.5479; 6281.3 9.8695; 6515.8 5.2; 6797.1 0.5; 7134.2 -5.3; 7659.96 -4.43054; 8036.1 -2.5; 9023.6 -2.1