Preamp: -13.4 dB
GraphicEQ: 101.1 0; 201.4 2; 374 0; 607.4 0; 1012 1; 1808.6 -1; 3253 -1; 6040.5 1.7; 8049.5 1.5; 10829.9 0
Channel: L
GraphicEQ: 102.8 13; 232.014 3.41552; 259.2 -3.12; 276.6 -4.3; 284.5 -0.59; 302.659 -0.04697; 338.1 0.3; 404.7 -3.8; 467.3 -2.4; 495.6 -8.78; 528.1 -1; 600.6 -0.4; 779.5 1.2; 991.9 4.3; 1671.8 3.2; 2007.94 -0.33319; 2284.96 -3.25409; 2614.8 -1; 3007.8 -2.7; 5982.98 -2.29608; 6459.07 1.91265; 7017.68 -2.04851; 7536.8 -5.8; 8024.89 -2.16456; 13549 -2.3
Channel: R
GraphicEQ: 101.9 13; 232.014 2.41552; 253.713 -1.04377; 279 -2.5; 309.8 -0.6; 342.1 -3.1; 366.03 -5.99998; 404.7 -7.8; 434.325 -7.95243; 467.3 -3.4; 528.1 -1; 592.5 0.4; 779.5 4.2; 991.9 7.3; 1607.8 8.2; 2007.94 0.66681; 2395 1.18; 2750.7 1.25; 3402.9 -0.9; 5982.98 -0.29608; 6281.3 -8.02896; 6459.07 3.91265; 7017.68 -0.04851; 7536.8 -3.8; 8024.89 -0.16456; 11595.4 -0.1568; 12717 -2.9; 13642.6 -0.37065