Preamp: -9.4 dB
GraphicEQ: 293.815 0.0747772; 524.871 6.08677; 582.9 7.1; 703.814 5.11475; 883.8 8.3; 1080 5.5; 2178.53 0.910312; 2980.7 4.9; 4043.64 1.20391; 7048 1.3; 9024.1 -10.1; 10494.5 1.38978