Preamp: -12 dB
Channel: L
GraphicEQ: 102.4 11.9; 232.014 7.41552; 259.2 0.88; 276.6 -0.3; 284.5 3.41; 302.659 3.95303; 338.1 4.3; 404.7 0.2; 467.3 1.6; 495.6 -4.78; 528.1 3; 600.6 3.6; 779.5 5.2; 991.9 8.3; 1671.8 7.2; 2007.94 3.66681; 2284.96 0.74591; 2614.8 3; 3007.8 1.3; 5982.98 1.70392; 6459.07 5.91265; 7017.68 1.95149; 7536.8 -1.8; 8024.89 1.83544; 13549 1.7
Channel: R
GraphicEQ: 102.4 11.9; 232.014 4.41552; 253.713 0.95623; 279 0.5; 309.8 2.4; 342.1 -0.1; 366.03 -2.99998; 404.7 -5.8; 434.325 -5.95243; 467.3 -0.4; 528.1 2; 592.5 3.4; 779.5 6.2; 991.9 9.3; 1607.8 10.2; 2007.94 2.66681; 2395 3.18; 2750.7 3.25; 3402.9 1.1; 5982.98 1.70392; 6281.3 -6.02896; 6459.07 5.91265; 7017.68 1.95149; 7536.8 -1.8; 8024.89 1.83544; 11595.4 1.8432; 12717 -0.9; 13642.6 1.62935