Preamp: -12 dB
Channel: L
GraphicEQ: 102.4 11.9; 161.1 4.6; 232.014 2.41552; 259.2 -6.12; 276.6 -7.3; 284.5 -3.59; 302.659 -3.04697; 338.1 -2.7; 404.7 -7.8; 467.3 -6.4; 495 -14.4; 528.1 -5; 592.5 -3.6; 779.5 -0.8; 991.9 4.3; 2007.94 0.66681; 2284.96 -1.25409; 2614.8 1; 5982.98 1.70392; 6459.07 5.91265; 7017.68 1.95149; 7536.8 -1.8; 8024.89 1.83544; 13549 1.7
Channel: R
GraphicEQ: 102.4 11.9; 161.1 4.6; 232.014 2.41552; 253.713 -1.04377; 279 -1.5; 309.8 0.4; 342.1 -2.1; 366.03 -4.99998; 404.7 -7.8; 434.325 -7.95243; 467.3 -4.4; 528.1 -3; 592.5 -1.6; 779.5 -0.8; 991.9 4.3; 2007.94 0.66681; 2395 1.18; 2554.4 6.95859; 2750.7 1.25; 5982.98 1.70392; 6281.3 -6.02896; 6459.07 5.91265; 7017.68 1.95149; 7536.8 -1.8; 8024.89 1.83544; 11595.4 1.8432; 12717 -0.9; 13642.6 1.62935